111111113	Appeal_to_fear-prejudice	1396	1430
111111113	Loaded_Language	3082	3099
111111113	Doubt	3828	3985
111111113	Loaded_Language	361	467
111111113	Doubt	3580	3741
111111113	Appeal_to_fear-prejudice	4865	5006
111111113	Appeal_to_fear-prejudice	5743	5773
111111113	Doubt	5775	5791
111111113	Doubt	259	279
111111113	Appeal_to_fear-prejudice	3658	3663
111111113	Loaded_Language	5556	5579
111111123	Appeal_to_fear-prejudice	4321	4333
111111133	Appeal_to_fear-prejudice	1224	1244
111111133	Loaded_Language	2593	2606
111111133	Loaded_Language	4159	4173
111111133	Appeal_to_fear-prejudice	358	367
111111133	Doubt	460	465
111111133	Appeal_to_fear-prejudice	504	507
111111133	Loaded_Language	1070	1077
111111133	Doubt	2572	2589
111111133	Loaded_Language	2625	2646
111111133	Loaded_Language	2944	2950
111111133	Loaded_Language	3830	3836
111111137	Loaded_Language	2321	2332
111111137	Appeal_to_fear-prejudice	143	183
111111137	Doubt	2058	2064
697063039	Loaded_Language	1975	2072
697063039	Loaded_Language	1160	1220
697063039	Loaded_Language	1375	1413
697063039	Loaded_Language	1824	1852
697063039	Loaded_Language	115	120
697063039	Loaded_Language	142	152
697063039	Name_Calling,Labeling	1226	1346
697063039	Loaded_Language	1828	1845
697996062	Loaded_Language	94	108
697996062	Doubt	427	469
698719689	Loaded_Language	300	321
698719689	Loaded_Language	1440	1449
698719689	Loaded_Language	131	144
698719689	Loaded_Language	1594	1611
698719689	Loaded_Language	190	321
698719689	Doubt	1542	1611
698719689	Loaded_Language	2324	2335
700461600	Loaded_Language	717	760
700461600	Loaded_Language	1547	1746
700461600	Loaded_Language	2352	2497
700461600	Loaded_Language	2805	2868
700461600	Doubt	2726	2788
700461600	Loaded_Language	3073	3131
700461600	Loaded_Language	3549	3559
700461600	Loaded_Language	3963	4080
700461600	Doubt	4210	4440
700461600	Loaded_Language	1551	1562
700461600	Loaded_Language	1613	1620
700461600	Loaded_Language	2400	2497
700461600	Loaded_Language	2318	2351
700461600	Loaded_Language	3073	3255
700461600	Doubt	4510	4530
700461600	Loaded_Language	4657	4709
701225819	Loaded_Language	177	187
701225819	Loaded_Language	2689	2694
701225819	Loaded_Language	2787	2792
701225819	Loaded_Language	2982	2991
701225819	Loaded_Language	77	99
701225819	Loaded_Language	996	1019
701225819	Loaded_Language	2174	2182
701225819	Loaded_Language	2747	2752
701225819	Loaded_Language	3787	3804
701225819	Loaded_Language	3837	3860
701225819	Appeal_to_fear-prejudice	4606	4636
701225819	Doubt	4720	4739
701225819	Loaded_Language	131	143
701225819	Loaded_Language	305	313
701225819	Loaded_Language	1201	1299
701225819	Loaded_Language	1525	1551
701225819	Appeal_to_fear-prejudice	1572	1583
701225819	Loaded_Language	1767	1771
701225819	Loaded_Language	2616	2621
701225819	Loaded_Language	3309	3315
701225819	Appeal_to_fear-prejudice	4268	4313
701225819	Doubt	5914	5927
701225819	Appeal_to_fear-prejudice	6102	6112
701225819	Doubt	111	143
701225819	Loaded_Language	1493	1605
701225819	Loaded_Language	1872	1889
701225819	Loaded_Language	1967	1987
701225819	Loaded_Language	2798	2811
701933838	Loaded_Language	981	1153
